Annas-Mac.fritz.box
15:05  up 18:33, 2 users, load averages: 1.77 2.13 2.18
Ipopt 3.12.13: outlev=5
max_cpu_time=10800

==> Warning: Treating 288 binary and 0 integer variables as continous.


******************************************************************************
This program contains Ipopt, a library for large-scale nonlinear optimization.
 Ipopt is released as open source code under the Eclipse Public License (EPL).
         For more information visit http://projects.coin-or.org/Ipopt
******************************************************************************

This is Ipopt version 3.12.13, running with linear solver mumps.
NOTE: Other linear solvers might be more efficient (see Ipopt documentation).

Number of nonzeros in equality constraint Jacobian...:   929759
Number of nonzeros in inequality constraint Jacobian.:     1152
Number of nonzeros in Lagrangian Hessian.............:    62784

Total number of variables............................:    63072
                     variables with only lower bounds:        0
                variables with lower and upper bounds:      288
                     variables with only upper bounds:        0
Total number of equality constraints.................:    62528
Total number of inequality constraints...............:      576
        inequality constraints with only lower bounds:        0
   inequality constraints with lower and upper bounds:        0
        inequality constraints with only upper bounds:      576

iter    objective    inf_pr   inf_du lg(mu)  ||d||  lg(rg) alpha_du alpha_pr  ls
   0  7.8125000e+02 6.40e+02 2.22e-16  -1.0 0.00e+00    -  0.00e+00 0.00e+00   0
   1  2.9388614e+03 7.96e-13 1.85e+01  -1.0 2.11e+02    -  5.09e-02 1.00e+00h  1
   2  2.8813453e+03 7.39e-13 8.90e-02  -1.0 5.21e+01    -  9.08e-01 1.00e+00f  1
   3  2.8813145e+03 8.53e-13 2.00e-07  -1.7 1.15e+00    -  1.00e+00 1.00e+00f  1
   4  2.8813145e+03 7.39e-13 1.50e-09  -3.8 2.13e-02    -  1.00e+00 1.00e+00h  1
   5  2.8813145e+03 7.39e-13 1.84e-11  -5.7 1.78e-02    -  1.00e+00 1.00e+00h  1
   6  2.8813145e+03 7.96e-13 2.51e-14  -8.6 1.98e-03    -  1.00e+00 1.00e+00h  1

Number of Iterations....: 6

                                   (scaled)                 (unscaled)
Objective...............:   2.8813144565380157e+03    2.8813144565380157e+03
Dual infeasibility......:   2.5059035640133008e-14    1.0023614256053203e-15
Constraint violation....:   7.9580786405131221e-13    7.9580786405131221e-13
Complementarity.........:   2.8713523383604975e-09    2.8713523383604975e-09
Overall NLP error.......:   2.8713523383604975e-09    2.8713523383604975e-09


Number of objective function evaluations             = 7
Number of objective gradient evaluations             = 7
Number of equality constraint evaluations            = 7
Number of inequality constraint evaluations          = 7
Number of equality constraint Jacobian evaluations   = 7
Number of inequality constraint Jacobian evaluations = 7
Number of Lagrangian Hessian evaluations             = 6
Total CPU secs in IPOPT (w/o function evaluations)   =   1228.967
Total CPU secs in NLP function evaluations           =      0.151

EXIT: Optimal Solution Found.
 
Ipopt 3.12.13: Optimal Solution Found

suffix ipopt_zU_out OUT;
suffix ipopt_zL_out OUT;
_solve_elapsed_time = 1241.62

>>> Save Controls ..
>>> Done.
>>> Paste commands below in Matlab or Octave
    ========================================


% Matlab output of states, u(t,x,y)
u{1} = [ ...    % states u(k,x,y)
  0  0  0  0  0  0  0  0  0  0  0  0  0  0  0  0  0  0  0  0  0  0  0  0  0  0  0  0  0  0  0  0  0  0  0  0  0  0  0  0  0  0  0  0  0  0  0  0  0  0  0  0  0  0  0  0  0  0  0  0  0  0  0  0  0 ;
  0  0.960736  1.91222  2.84529  3.75095  4.6205  5.44554  6.21814  6.93086  7.57683  8.14983  8.64434  9.0556  9.37966  9.61338  9.75452  9.80171  9.75452  9.61338  9.37966  9.0556  8.64434  8.14983  7.57683  6.93086  6.21814  5.44554  4.6205  3.75095  2.84529  1.91222  0.960736  1.20036E-15  -0.960736  -1.91222  -2.84529  -3.75095  -4.6205  -5.44554  -6.21814  -6.93086  -7.57683  -8.14983  -8.64434  -9.0556  -9.37966  -9.61338  -9.75452  -9.80171  -9.75452  -9.61338  -9.37966  -9.0556  -8.64434  -8.14983  -7.57683  -6.93086  -6.21814  -5.44554  -4.6205  -3.75095  -2.84529  -1.91222  -0.960736  -2.40073E-15 ;
  0  1.91222  3.80602  5.66317  7.46578  9.19649  10.8386  12.3764  13.795  15.0807  16.2212  17.2054  18.024  18.669  19.1342  19.4151  19.509  19.4151  19.1342  18.669  18.024  17.2054  16.2212  15.0807  13.795  12.3764  10.8386  9.19649  7.46578  5.66317  3.80602  1.91222  2.38917E-15  -1.91222  -3.80602  -5.66317  -7.46578  -9.19649  -10.8386  -12.3764  -13.795  -15.0807  -16.2212  -17.2054  -18.024  -18.669  -19.1342  -19.4151  -19.509  -19.4151  -19.1342  -18.669  -18.024  -17.2054  -16.2212  -15.0807  -13.795  -12.3764  -10.8386  -9.19649  -7.46578  -5.66317  -3.80602  -1.91222  -4.77833E-15 ;
  0  2.84529  5.66317  8.42652  11.1087  13.6839  16.1274  18.4155  20.5262  22.4393  24.1363  25.6008  26.8188  27.7785  28.4707  28.8887  29.0285  28.8887  28.4707  27.7785  26.8188  25.6008  24.1363  22.4393  20.5262  18.4155  16.1274  13.6839  11.1087  8.42652  5.66317  2.84529  3.55496E-15  -2.84529  -5.66317  -8.42652  -11.1087  -13.6839  -16.1274  -18.4155  -20.5262  -22.4393  -24.1363  -25.6008  -26.8188  -27.7785  -28.4707  -28.8887  -29.0285  -28.8887  -28.4707  -27.7785  -26.8188  -25.6008  -24.1363  -22.4393  -20.5262  -18.4155  -16.1274  -13.6839  -11.1087  -8.42652  -5.66317  -2.84529  -7.10992E-15 ;
  0  3.75095  7.46578  11.1087  14.6447  18.0396  21.2608  24.2772  27.0598  29.5818  31.819  33.7497  35.3553  36.6205  37.533  38.0841  38.2683  38.0841  37.533  36.6205  35.3553  33.7497  31.819  29.5818  27.0598  24.2772  21.2608  18.0396  14.6447  11.1087  7.46578  3.75095  4.68652E-15  -3.75095  -7.46578  -11.1087  -14.6447  -18.0396  -21.2608  -24.2772  -27.0598  -29.5818  -31.819  -33.7497  -35.3553  -36.6205  -37.533  -38.0841  -38.2683  -38.0841  -37.533  -36.6205  -35.3553  -33.7497  -31.819  -29.5818  -27.0598  -24.2772  -21.2608  -18.0396  -14.6447  -11.1087  -7.46578  -3.75095  -9.37304E-15 ;
  0  4.6205  9.19649  13.6839  18.0396  22.2215  26.1894  29.9051  33.3328  36.4395  39.1952  41.5735  43.5514  45.1099  46.2339  46.9127  47.1397  46.9127  46.2339  45.1099  43.5514  41.5735  39.1952  36.4395  33.3328  29.9051  26.1894  22.2215  18.0396  13.6839  9.19649  4.6205  5.77295E-15  -4.6205  -9.19649  -13.6839  -18.0396  -22.2215  -26.1894  -29.9051  -33.3328  -36.4395  -39.1952  -41.5735  -43.5514  -45.1099  -46.2339  -46.9127  -47.1397  -46.9127  -46.2339  -45.1099  -43.5514  -41.5735  -39.1952  -36.4395  -33.3328  -29.9051  -26.1894  -22.2215  -18.0396  -13.6839  -9.19649  -4.6205  -1.15459E-14 ;
  0  5.44554  10.8386  16.1274  21.2608  26.1894  30.8658  35.245  39.2847  42.9462  46.194  48.9969  51.328  53.1648  54.4895  55.2895  55.557  55.2895  54.4895  53.1648  51.328  48.9969  46.194  42.9462  39.2847  35.245  30.8658  26.1894  21.2608  16.1274  10.8386  5.44554  6.80377E-15  -5.44554  -10.8386  -16.1274  -21.2608  -26.1894  -30.8658  -35.245  -39.2847  -42.9462  -46.194  -48.9969  -51.328  -53.1648  -54.4895  -55.2895  -55.557  -55.2895  -54.4895  -53.1648  -51.328  -48.9969  -46.194  -42.9462  -39.2847  -35.245  -30.8658  -26.1894  -21.2608  -16.1274  -10.8386  -5.44554  -1.36075E-14 ;
  0  6.21814  12.3764  18.4155  24.2772  29.9051  35.245  40.2455  44.8584  49.0393  52.7479  55.9485  58.6103  60.7077  62.2204  63.1339  63.4393  63.1339  62.2204  60.7077  58.6103  55.9485  52.7479  49.0393  44.8584  40.2455  35.245  29.9051  24.2772  18.4155  12.3764  6.21814  7.76908E-15  -6.21814  -12.3764  -18.4155  -24.2772  -29.9051  -35.245  -40.2455  -44.8584  -49.0393  -52.7479  -55.9485  -58.6103  -60.7077  -62.2204  -63.1339  -63.4393  -63.1339  -62.2204  -60.7077  -58.6103  -55.9485  -52.7479  -49.0393  -44.8584  -40.2455  -35.245  -29.9051  -24.2772  -18.4155  -12.3764  -6.21814  -1.55382E-14 ;
  0  6.93086  13.795  20.5262  27.0598  33.3328  39.2847  44.8584  50  54.6601  58.7938  62.3613  65.3281  67.6659  69.352  70.3702  70.7107  70.3702  69.352  67.6659  65.3281  62.3613  58.7938  54.6601  50  44.8584  39.2847  33.3328  27.0598  20.5262  13.795  6.93086  8.65956E-15  -6.93086  -13.795  -20.5262  -27.0598  -33.3328  -39.2847  -44.8584  -50  -54.6601  -58.7938  -62.3613  -65.3281  -67.6659  -69.352  -70.3702  -70.7107  -70.3702  -69.352  -67.6659  -65.3281  -62.3613  -58.7938  -54.6601  -50  -44.8584  -39.2847  -33.3328  -27.0598  -20.5262  -13.795  -6.93086  -1.73191E-14 ;
  0  7.57683  15.0807  22.4393  29.5818  36.4395  42.9462  49.0393  54.6601  59.7545  64.2735  68.1734  71.4169  73.9725  75.8157  76.9288  77.301  76.9288  75.8157  73.9725  71.4169  68.1734  64.2735  59.7545  54.6601  49.0393  42.9462  36.4395  29.5818  22.4393  15.0807  7.57683  9.46665E-15  -7.57683  -15.0807  -22.4393  -29.5818  -36.4395  -42.9462  -49.0393  -54.6601  -59.7545  -64.2735  -68.1734  -71.4169  -73.9725  -75.8157  -76.9288  -77.301  -76.9288  -75.8157  -73.9725  -71.4169  -68.1734  -64.2735  -59.7545  -54.6601  -49.0393  -42.9462  -36.4395  -29.5818  -22.4393  -15.0807  -7.57683  -1.89333E-14 ;
  0  8.14983  16.2212  24.1363  31.819  39.1952  46.194  52.7479  58.7938  64.2735  69.1342  73.3291  76.8178  79.5667  81.5493  82.7466  83.147  82.7466  81.5493  79.5667  76.8178  73.3291  69.1342  64.2735  58.7938  52.7479  46.194  39.1952  31.819  24.1363  16.2212  8.14983  1.01826E-14  -8.14983  -16.2212  -24.1363  -31.819  -39.1952  -46.194  -52.7479  -58.7938  -64.2735  -69.1342  -73.3291  -76.8178  -79.5667  -81.5493  -82.7466  -83.147  -82.7466  -81.5493  -79.5667  -76.8178  -73.3291  -69.1342  -64.2735  -58.7938  -52.7479  -46.194  -39.1952  -31.819  -24.1363  -16.2212  -8.14983  -2.03651E-14 ;
  0  8.64434  17.2054  25.6008  33.7497  41.5735  48.9969  55.9485  62.3613  68.1734  73.3291  77.7785  81.4789  84.3946  86.4975  87.7675  88.1921  87.7675  86.4975  84.3946  81.4789  77.7785  73.3291  68.1734  62.3613  55.9485  48.9969  41.5735  33.7497  25.6008  17.2054  8.64434  1.08004E-14  -8.64434  -17.2054  -25.6008  -33.7497  -41.5735  -48.9969  -55.9485  -62.3613  -68.1734  -73.3291  -77.7785  -81.4789  -84.3946  -86.4975  -87.7675  -88.1921  -87.7675  -86.4975  -84.3946  -81.4789  -77.7785  -73.3291  -68.1734  -62.3613  -55.9485  -48.9969  -41.5735  -33.7497  -25.6008  -17.2054  -8.64434  -2.16008E-14 ;
  0  9.0556  18.024  26.8188  35.3553  43.5514  51.328  58.6103  65.3281  71.4169  76.8178  81.4789  85.3553  88.4098  90.6127  91.9431  92.388  91.9431  90.6127  88.4098  85.3553  81.4789  76.8178  71.4169  65.3281  58.6103  51.328  43.5514  35.3553  26.8188  18.024  9.0556  1.13143E-14  -9.0556  -18.024  -26.8188  -35.3553  -43.5514  -51.328  -58.6103  -65.3281  -71.4169  -76.8178  -81.4789  -85.3553  -88.4098  -90.6127  -91.9431  -92.388  -91.9431  -90.6127  -88.4098  -85.3553  -81.4789  -76.8178  -71.4169  -65.3281  -58.6103  -51.328  -43.5514  -35.3553  -26.8188  -18.024  -9.0556  -2.26285E-14 ;
  0  9.37966  18.669  27.7785  36.6205  45.1099  53.1648  60.7077  67.6659  73.9725  79.5667  84.3946  88.4098  91.5735  93.8553  95.2332  95.694  95.2332  93.8553  91.5735  88.4098  84.3946  79.5667  73.9725  67.6659  60.7077  53.1648  45.1099  36.6205  27.7785  18.669  9.37966  1.17191E-14  -9.37966  -18.669  -27.7785  -36.6205  -45.1099  -53.1648  -60.7077  -67.6659  -73.9725  -79.5667  -84.3946  -88.4098  -91.5735  -93.8553  -95.2332  -95.694  -95.2332  -93.8553  -91.5735  -88.4098  -84.3946  -79.5667  -73.9725  -67.6659  -60.7077  -53.1648  -45.1099  -36.6205  -27.7785  -18.669  -9.37966  -2.34383E-14 ;
  0  9.61338  19.1342  28.4707  37.533  46.2339  54.4895  62.2204  69.352  75.8157  81.5493  86.4975  90.6127  93.8553  96.194  97.6063  98.0785  97.6063  96.194  93.8553  90.6127  86.4975  81.5493  75.8157  69.352  62.2204  54.4895  46.2339  37.533  28.4707  19.1342  9.61338  1.20112E-14  -9.61338  -19.1342  -28.4707  -37.533  -46.2339  -54.4895  -62.2204  -69.352  -75.8157  -81.5493  -86.4975  -90.6127  -93.8553  -96.194  -97.6063  -98.0785  -97.6063  -96.194  -93.8553  -90.6127  -86.4975  -81.5493  -75.8157  -69.352  -62.2204  -54.4895  -46.2339  -37.533  -28.4707  -19.1342  -9.61338  -2.40223E-14 ;
  0  9.75452  19.4151  28.8887  38.0841  46.9127  55.2895  63.1339  70.3702  76.9288  82.7466  87.7675  91.9431  95.2332  97.6063  99.0393  99.5185  99.0393  97.6063  95.2332  91.9431  87.7675  82.7466  76.9288  70.3702  63.1339  55.2895  46.9127  38.0841  28.8887  19.4151  9.75452  1.21875E-14  -9.75452  -19.4151  -28.8887  -38.0841  -46.9127  -55.2895  -63.1339  -70.3702  -76.9288  -82.7466  -87.7675  -91.9431  -95.2332  -97.6063  -99.0393  -99.5185  -99.0393  -97.6063  -95.2332  -91.9431  -87.7675  -82.7466  -76.9288  -70.3702  -63.1339  -55.2895  -46.9127  -38.0841  -28.8887  -19.4151  -9.75452  -2.4375E-14 ;
  0  9.80171  19.509  29.0285  38.2683  47.1397  55.557  63.4393  70.7107  77.301  83.147  88.1921  92.388  95.694  98.0785  99.5185  100  99.5185  98.0785  95.694  92.388  88.1921  83.147  77.301  70.7107  63.4393  55.557  47.1397  38.2683  29.0285  19.509  9.80171  1.22465E-14  -9.80171  -19.509  -29.0285  -38.2683  -47.1397  -55.557  -63.4393  -70.7107  -77.301  -83.147  -88.1921  -92.388  -95.694  -98.0785  -99.5185  -100  -99.5185  -98.0785  -95.694  -92.388  -88.1921  -83.147  -77.301  -70.7107  -63.4393  -55.557  -47.1397  -38.2683  -29.0285  -19.509  -9.80171  -2.44929E-14 ;
  0  9.75452  19.4151  28.8887  38.0841  46.9127  55.2895  63.1339  70.3702  76.9288  82.7466  87.7675  91.9431  95.2332  97.6063  99.0393  99.5185  99.0393  97.6063  95.2332  91.9431  87.7675  82.7466  76.9288  70.3702  63.1339  55.2895  46.9127  38.0841  28.8887  19.4151  9.75452  1.21875E-14  -9.75452  -19.4151  -28.8887  -38.0841  -46.9127  -55.2895  -63.1339  -70.3702  -76.9288  -82.7466  -87.7675  -91.9431  -95.2332  -97.6063  -99.0393  -99.5185  -99.0393  -97.6063  -95.2332  -91.9431  -87.7675  -82.7466  -76.9288  -70.3702  -63.1339  -55.2895  -46.9127  -38.0841  -28.8887  -19.4151  -9.75452  -2.4375E-14 ;
  0  9.61338  19.1342  28.4707  37.533  46.2339  54.4895  62.2204  69.352  75.8157  81.5493  86.4975  90.6127  93.8553  96.194  97.6063  98.0785  97.6063  96.194  93.8553  90.6127  86.4975  81.5493  75.8157  69.352  62.2204  54.4895  46.2339  37.533  28.4707  19.1342  9.61338  1.20112E-14  -9.61338  -19.1342  -28.4707  -37.533  -46.2339  -54.4895  -62.2204  -69.352  -75.8157  -81.5493  -86.4975  -90.6127  -93.8553  -96.194  -97.6063  -98.0785  -97.6063  -96.194  -93.8553  -90.6127  -86.4975  -81.5493  -75.8157  -69.352  -62.2204  -54.4895  -46.2339  -37.533  -28.4707  -19.1342  -9.61338  -2.40223E-14 ;
  0  9.37966  18.669  27.7785  36.6205  45.1099  53.1648  60.7077  67.6659  73.9725  79.5667  84.3946  88.4098  91.5735  93.8553  95.2332  95.694  95.2332  93.8553  91.5735  88.4098  84.3946  79.5667  73.9725  67.6659  60.7077  53.1648  45.1099  36.6205  27.7785  18.669  9.37966  1.17191E-14  -9.37966  -18.669  -27.7785  -36.6205  -45.1099  -53.1648  -60.7077  -67.6659  -73.9725  -79.5667  -84.3946  -88.4098  -91.5735  -93.8553  -95.2332  -95.694  -95.2332  -93.8553  -91.5735  -88.4098  -84.3946  -79.5667  -73.9725  -67.6659  -60.7077  -53.1648  -45.1099  -36.6205  -27.7785  -18.669  -9.37966  -2.34383E-14 ;
  0  9.0556  18.024  26.8188  35.3553  43.5514  51.328  58.6103  65.3281  71.4169  76.8178  81.4789  85.3553  88.4098  90.6127  91.9431  92.388  91.9431  90.6127  88.4098  85.3553  81.4789  76.8178  71.4169  65.3281  58.6103  51.328  43.5514  35.3553  26.8188  18.024  9.0556  1.13143E-14  -9.0556  -18.024  -26.8188  -35.3553  -43.5514  -51.328  -58.6103  -65.3281  -71.4169  -76.8178  -81.4789  -85.3553  -88.4098  -90.6127  -91.9431  -92.388  -91.9431  -90.6127  -88.4098  -85.3553  -81.4789  -76.8178  -71.4169  -65.3281  -58.6103  -51.328  -43.5514  -35.3553  -26.8188  -18.024  -9.0556  -2.26285E-14 ;
  0  8.64434  17.2054  25.6008  33.7497  41.5735  48.9969  55.9485  62.3613  68.1734  73.3291  77.7785  81.4789  84.3946  86.4975  87.7675  88.1921  87.7675  86.4975  84.3946  81.4789  77.7785  73.3291  68.1734  62.3613  55.9485  48.9969  41.5735  33.7497  25.6008  17.2054  8.64434  1.08004E-14  -8.64434  -17.2054  -25.6008  -33.7497  -41.5735  -48.9969  -55.9485  -62.3613  -68.1734  -73.3291  -77.7785  -81.4789  -84.3946  -86.4975  -87.7675  -88.1921  -87.7675  -86.4975  -84.3946  -81.4789  -77.7785  -73.3291  -68.1734  -62.3613  -55.9485  -48.9969  -41.5735  -33.7497  -25.6008  -17.2054  -8.64434  -2.16008E-14 ;
  0  8.14983  16.2212  24.1363  31.819  39.1952  46.194  52.7479  58.7938  64.2735  69.1342  73.3291  76.8178  79.5667  81.5493  82.7466  83.147  82.7466  81.5493  79.5667  76.8178  73.3291  69.1342  64.2735  58.7938  52.7479  46.194  39.1952  31.819  24.1363  16.2212  8.14983  1.01826E-14  -8.14983  -16.2212  -24.1363  -31.819  -39.1952  -46.194  -52.7479  -58.7938  -64.2735  -69.1342  -73.3291  -76.8178  -79.5667  -81.5493  -82.7466  -83.147  -82.7466  -81.5493  -79.5667  -76.8178  -73.3291  -69.1342  -64.2735  -58.7938  -52.7479  -46.194  -39.1952  -31.819  -24.1363  -16.2212  -8.14983  -2.03651E-14 ;
  0  7.57683  15.0807  22.4393  29.5818  36.4395  42.9462  49.0393  54.6601  59.7545  64.2735  68.1734  71.4169  73.9725  75.8157  76.9288  77.301  76.9288  75.8157  73.9725  71.4169  68.1734  64.2735  59.7545  54.6601  49.0393  42.9462  36.4395  29.5818  22.4393  15.0807  7.57683  9.46665E-15  -7.57683  -15.0807  -22.4393  -29.5818  -36.4395  -42.9462  -49.0393  -54.6601  -59.7545  -64.2735  -68.1734  -71.4169  -73.9725  -75.8157  -76.9288  -77.301  -76.9288  -75.8157  -73.9725  -71.4169  -68.1734  -64.2735  -59.7545  -54.6601  -49.0393  -42.9462  -36.4395  -29.5818  -22.4393  -15.0807  -7.57683  -1.89333E-14 ;
  0  6.93086  13.795  20.5262  27.0598  33.3328  39.2847  44.8584  50  54.6601  58.7938  62.3613  65.3281  67.6659  69.352  70.3702  70.7107  70.3702  69.352  67.6659  65.3281  62.3613  58.7938  54.6601  50  44.8584  39.2847  33.3328  27.0598  20.5262  13.795  6.93086  8.65956E-15  -6.93086  -13.795  -20.5262  -27.0598  -33.3328  -39.2847  -44.8584  -50  -54.6601  -58.7938  -62.3613  -65.3281  -67.6659  -69.352  -70.3702  -70.7107  -70.3702  -69.352  -67.6659  -65.3281  -62.3613  -58.7938  -54.6601  -50  -44.8584  -39.2847  -33.3328  -27.0598  -20.5262  -13.795  -6.93086  -1.73191E-14 ;
  0  6.21814  12.3764  18.4155  24.2772  29.9051  35.245  40.2455  44.8584  49.0393  52.7479  55.9485  58.6103  60.7077  62.2204  63.1339  63.4393  63.1339  62.2204  60.7077  58.6103  55.9485  52.7479  49.0393  44.8584  40.2455  35.245  29.9051  24.2772  18.4155  12.3764  6.21814  7.76908E-15  -6.21814  -12.3764  -18.4155  -24.2772  -29.9051  -35.245  -40.2455  -44.8584  -49.0393  -52.7479  -55.9485  -58.6103  -60.7077  -62.2204  -63.1339  -63.4393  -63.1339  -62.2204  -60.7077  -58.6103  -55.9485  -52.7479  -49.0393  -44.8584  -40.2455  -35.245  -29.9051  -24.2772  -18.4155  -12.3764  -6.21814  -1.55382E-14 ;
  0  5.44554  10.8386  16.1274  21.2608  26.1894  30.8658  35.245  39.2847  42.9462  46.194  48.9969  51.328  53.1648  54.4895  55.2895  55.557  55.2895  54.4895  53.1648  51.328  48.9969  46.194  42.9462  39.2847  35.245  30.8658  26.1894  21.2608  16.1274  10.8386  5.44554  6.80377E-15  -5.44554  -10.8386  -16.1274  -21.2608  -26.1894  -30.8658  -35.245  -39.2847  -42.9462  -46.194  -48.9969  -51.328  -53.1648  -54.4895  -55.2895  -55.557  -55.2895  -54.4895  -53.1648  -51.328  -48.9969  -46.194  -42.9462  -39.2847  -35.245  -30.8658  -26.1894  -21.2608  -16.1274  -10.8386  -5.44554  -1.36075E-14 ;
  0  4.6205  9.19649  13.6839  18.0396  22.2215  26.1894  29.9051  33.3328  36.4395  39.1952  41.5735  43.5514  45.1099  46.2339  46.9127  47.1397  46.9127  46.2339  45.1099  43.5514  41.5735  39.1952  36.4395  33.3328  29.9051  26.1894  22.2215  18.0396  13.6839  9.19649  4.6205  5.77295E-15  -4.6205  -9.19649  -13.6839  -18.0396  -22.2215  -26.1894  -29.9051  -33.3328  -36.4395  -39.1952  -41.5735  -43.5514  -45.1099  -46.2339  -46.9127  -47.1397  -46.9127  -46.2339  -45.1099  -43.5514  -41.5735  -39.1952  -36.4395  -33.3328  -29.9051  -26.1894  -22.2215  -18.0396  -13.6839  -9.19649  -4.6205  -1.15459E-14 ;
  0  3.75095  7.46578  11.1087  14.6447  18.0396  21.2608  24.2772  27.0598  29.5818  31.819  33.7497  35.3553  36.6205  37.533  38.0841  38.2683  38.0841  37.533  36.6205  35.3553  33.7497  31.819  29.5818  27.0598  24.2772  21.2608  18.0396  14.6447  11.1087  7.46578  3.75095  4.68652E-15  -3.75095  -7.46578  -11.1087  -14.6447  -18.0396  -21.2608  -24.2772  -27.0598  -29.5818  -31.819  -33.7497  -35.3553  -36.6205  -37.533  -38.0841  -38.2683  -38.0841  -37.533  -36.6205  -35.3553  -33.7497  -31.819  -29.5818  -27.0598  -24.2772  -21.2608  -18.0396  -14.6447  -11.1087  -7.46578  -3.75095  -9.37304E-15 ;
  0  2.84529  5.66317  8.42652  11.1087  13.6839  16.1274  18.4155  20.5262  22.4393  24.1363  25.6008  26.8188  27.7785  28.4707  28.8887  29.0285  28.8887  28.4707  27.7785  26.8188  25.6008  24.1363  22.4393  20.5262  18.4155  16.1274  13.6839  11.1087  8.42652  5.66317  2.84529  3.55496E-15  -2.84529  -5.66317  -8.42652  -11.1087  -13.6839  -16.1274  -18.4155  -20.5262  -22.4393  -24.1363  -25.6008  -26.8188  -27.7785  -28.4707  -28.8887  -29.0285  -28.8887  -28.4707  -27.7785  -26.8188  -25.6008  -24.1363  -22.4393  -20.5262  -18.4155  -16.1274  -13.6839  -11.1087  -8.42652  -5.66317  -2.84529  -7.10992E-15 ;
  0  1.91222  3.80602  5.66317  7.46578  9.19649  10.8386  12.3764  13.795  15.0807  16.2212  17.2054  18.024  18.669  19.1342  19.4151  19.509  19.4151  19.1342  18.669  18.024  17.2054  16.2212  15.0807  13.795  12.3764  10.8386  9.19649  7.46578  5.66317  3.80602  1.91222  2.38917E-15  -1.91222  -3.80602  -5.66317  -7.46578  -9.19649  -10.8386  -12.3764  -13.795  -15.0807  -16.2212  -17.2054  -18.024  -18.669  -19.1342  -19.4151  -19.509  -19.4151  -19.1342  -18.669  -18.024  -17.2054  -16.2212  -15.0807  -13.795  -12.3764  -10.8386  -9.19649  -7.46578  -5.66317  -3.80602  -1.91222  -4.77833E-15 ;
  0  0.960736  1.91222  2.84529  3.75095  4.6205  5.44554  6.21814  6.93086  7.57683  8.14983  8.64434  9.0556  9.37966  9.61338  9.75452  9.80171  9.75452  9.61338  9.37966  9.0556  8.64434  8.14983  7.57683  6.93086  6.21814  5.44554  4.6205  3.75095  2.84529  1.91222  0.960736  1.20036E-15  -0.960736  -1.91222  -2.84529  -3.75095  -4.6205  -5.44554  -6.21814  -6.93086  -7.57683  -8.14983  -8.64434  -9.0556  -9.37966  -9.61338  -9.75452  -9.80171  -9.75452  -9.61338  -9.37966  -9.0556  -8.64434  -8.14983  -7.57683  -6.93086  -6.21814  -5.44554  -4.6205  -3.75095  -2.84529  -1.91222  -0.960736  -2.40073E-15 ;
  0  1.20036E-15  2.38917E-15  3.55496E-15  4.68652E-15  5.77295E-15  6.80377E-15  7.76908E-15  8.65956E-15  9.46665E-15  1.01826E-14  1.08004E-14  1.13143E-14  1.17191E-14  1.20112E-14  1.21875E-14  1.22465E-14  1.21875E-14  1.20112E-14  1.17191E-14  1.13143E-14  1.08004E-14  1.01826E-14  9.46665E-15  8.65956E-15  7.76908E-15  6.80377E-15  5.77295E-15  4.68652E-15  3.55496E-15  2.38917E-15  1.20036E-15  1.49976E-30  -1.20036E-15  -2.38917E-15  -3.55496E-15  -4.68652E-15  -5.77295E-15  -6.80377E-15  -7.76908E-15  -8.65956E-15  -9.46665E-15  -1.01826E-14  -1.08004E-14  -1.13143E-14  -1.17191E-14  -1.20112E-14  -1.21875E-14  -1.22465E-14  -1.21875E-14  -1.20112E-14  -1.17191E-14  -1.13143E-14  -1.08004E-14  -1.01826E-14  -9.46665E-15  -8.65956E-15  -7.76908E-15  -6.80377E-15  -5.77295E-15  -4.68652E-15  -3.55496E-15  -2.38917E-15  -1.20036E-15  -2.99952E-30 ;
];

u{2} = [ ...    % states u(k,x,y)
  0  0  0  0  0  0  0  0  0  0  0  0  0  0  0  0  0  0  0  0  0  0  0  0  0  0  0  0  0  0  0  0  0  0  0  0  0  0  0  0  0  0  0  0  0  0  0  0  0  0  0  0  0  0  0  0  0  0  0  0  0  0  0  0  0 ;
  0  0.925959  1.83945  2.7263  3.56839  4.34025  5.00474  5.50858  5.78111  5.74105  5.31673  4.48046  3.28825  1.90499  0.59161  -0.356239  -0.702333  -0.356239  0.59161  1.90499  3.28825  4.48046  5.31673  5.74105  5.78111  5.50858  5.00474  4.34025  3.56839  2.7263  1.83945  0.925962  5.15305E-16  -0.925962  -1.83945  -2.7263  -3.56839  -4.34025  -5.00474  -5.50858  -5.78111  -5.74105  -5.31673  -4.48046  -3.28825  -1.90499  -0.59161  0.356239  0.702333  0.356239  -0.59161  -1.90499  -3.28825  -4.48046  -5.31673  -5.74105  -5.78111  -5.50858  -5.00474  -4.34025  -3.56839  -2.7263  -1.83945  -0.925959  0 ;
  0  1.84276  3.66052  5.42474  7.09874  8.63075  9.94484  10.932  11.4475  11.3249  10.4177  8.67013  6.19795  3.34009  0.631983  -1.32033  -2.03285  -1.32033  0.631983  3.34009  6.19795  8.67013  10.4177  11.3249  11.4475  10.932  9.94484  8.63075  7.09875  5.42474  3.66052  1.84277  1.02253E-15  -1.84277  -3.66052  -5.42474  -7.09875  -8.63075  -9.94484  -10.932  -11.4475  -11.3249  -10.4177  -8.67013  -6.19795  -3.34009  -0.631983  1.32033  2.03285  1.32033  -0.631983  -3.34009  -6.19795  -8.67013  -10.4177  -11.3249  -11.4475  -10.932  -9.94484  -8.63075  -7.09874  -5.42474  -3.66052  -1.84276  0 ;
  0  2.74138  5.44504  8.06765  10.5528  12.8196  14.748  16.164  16.8343  16.4891  14.8891  11.9406  7.82958  3.10626  -1.35679  -4.56994  -5.74198  -4.56994  -1.35679  3.10626  7.82958  11.9406  14.8891  16.4891  16.8343  16.164  14.748  12.8196  10.5528  8.06765  5.44504  2.74139  1.21576E-15  -2.74139  -5.44504  -8.06765  -10.5528  -12.8196  -14.748  -16.164  -16.8343  -16.4891  -14.8891  -11.9406  -7.82958  -3.10626  1.35679  4.56994  5.74198  4.56994  1.35679  -3.10626  -7.82958  -11.9406  -14.8891  -16.4891  -16.8343  -16.164  -14.748  -12.8196  -10.5528  -8.06765  -5.44504  -2.74138  0 ;
  0  3.61314  7.17577  10.6294  13.8965  16.8646  19.3639  21.1449  21.8705  21.1471  18.6226  14.1553  8.01202  0.994788  -5.61807  -10.3731  -12.1068  -10.3731  -5.61807  0.994788  8.01202  14.1553  18.6226  21.1471  21.8705  21.1449  19.3639  16.8646  13.8965  10.6294  7.17577  3.61315  1.20824E-15  -3.61315  -7.17577  -10.6294  -13.8965  -16.8646  -19.3639  -21.1449  -21.8705  -21.1471  -18.6226  -14.1553  -8.01202  -0.994788  5.61807  10.3731  12.1068  10.3731  5.61807  -0.994788  -8.01202  -14.1553  -18.6226  -21.1471  -21.8705  -21.1449  -19.3639  -16.8646  -13.8965  -10.6294  -7.17577  -3.61314  0 ;
  0  4.44983  8.83658  13.0866  17.1012  20.7347  23.7648  25.8614  26.5748  25.3768  21.7909  15.621  7.22003  -2.33547  -11.323  -17.78  -20.1333  -17.78  -11.323  -2.33547  7.22003  15.621  21.7909  25.3768  26.5748  25.8614  23.7648  20.7347  17.1012  13.0866  8.8366  4.44985  1.5205E-15  -4.44985  -8.8366  -13.0866  -17.1012  -20.7347  -23.7648  -25.8614  -26.5748  -25.3768  -21.7909  -15.621  -7.22003  2.33547  11.323  17.78  20.1333  17.78  11.323  2.33547  -7.22003  -15.621  -21.7909  -25.3768  -26.5748  -25.8614  -23.7648  -20.7347  -17.1012  -13.0866  -8.83658  -4.44983  0 ;
  0  5.24374  10.4125  15.4182  20.142  24.4067  27.9398  30.3341  31.0323  29.3764  24.7704  16.9654  6.39641  -5.59686  -16.8654  -24.9574  -27.9062  -24.9574  -16.8654  -5.59686  6.39641  16.9654  24.7704  29.3764  31.0323  30.3341  27.9398  24.4067  20.142  15.4182  10.4125  5.24376  1.98403E-15  -5.24376  -10.4125  -15.4182  -20.142  -24.4067  -27.9398  -30.3341  -31.0323  -29.3764  -24.7704  -16.9654  -6.39641  5.59686  16.8654  24.9574  27.9062  24.9574  16.8654  5.59686  -6.39641  -16.9654  -24.7704  -29.3764  -31.0323  -30.3341  -27.9398  -24.4067  -20.142  -15.4182  -10.4125  -5.24374  0 ;
  0  5.98754  11.8893  17.6043  22.9959  27.8602  31.8824  34.5914  35.341  33.3676  27.9779  18.8811  6.57999  -7.37098  -20.4759  -29.8859  -33.3148  -29.8859  -20.4759  -7.37098  6.57999  18.8811  27.9779  33.3676  35.341  34.5914  31.8824  27.8602  22.9959  17.6043  11.8893  5.98757  2.80624E-15  -5.98757  -11.8893  -17.6043  -22.9959  -27.8602  -31.8824  -34.5914  -35.341  -33.3676  -27.9779  -18.8811  -6.57999  7.37098  20.4759  29.8859  33.3148  29.8859  20.4759  7.37098  -6.57999  -18.8811  -27.9779  -33.3676  -35.341  -34.5914  -31.8824  -27.8602  -22.9959  -17.6043  -11.8893  -5.98754  0 ;
  0  6.67426  13.2532  19.6252  25.6392  31.0709  35.5748  38.635  39.5452  37.4714  31.6578  21.788  8.41247  -6.77205  -21.0425  -31.2917  -35.0267  -31.2917  -21.0425  -6.77205  8.41247  21.788  31.6578  37.4714  39.5452  38.635  35.5748  31.0709  25.6392  19.6252  13.2533  6.67429  3.84476E-15  -6.67429  -13.2533  -19.6252  -25.6392  -31.0709  -35.5748  -38.635  -39.5452  -37.4714  -31.6578  -21.788  -8.41247  6.77205  21.0425  31.2917  35.0267  31.2917  21.0425  6.77205  -8.41247  -21.788  -31.6578  -37.4714  -39.5452  -38.635  -35.5748  -31.0709  -25.6392  -19.6252  -13.2532  -6.67426  0 ;
  0  7.29719  14.4911  21.4609  28.0452  34.0049  38.9755  42.4147  43.5834  41.6119  35.7148  25.5672  11.7471  -3.97567  -18.7665  -29.3941  -33.2677  -29.3941  -18.7665  -3.97567  11.7471  25.5672  35.7148  41.6119  43.5834  42.4147  38.9755  34.0049  28.0452  21.4609  14.4911  7.29722  3.64893E-15  -7.29722  -14.4911  -21.4609  -28.0452  -34.0049  -38.9755  -42.4147  -43.5834  -41.6119  -35.7148  -25.5672  -11.7471  3.97567  18.7665  29.3941  33.2677  29.3941  18.7665  3.97567  -11.7471  -25.5672  -35.7148  -41.6119  -43.5834  -42.4147  -38.9755  -34.0049  -28.0452  -21.4609  -14.4911  -7.29719  0 ;
  0  7.85  15.5898  23.0913  30.1844  36.6198  42.02  45.8274  47.2855  45.5082  39.6991  29.5336  15.6062  -0.278725  -15.2391  -25.994  -29.9148  -25.994  -15.2391  -0.278725  15.6062  29.5336  39.6991  45.5082  47.2855  45.8274  42.02  36.6199  30.1844  23.0914  15.5898  7.85003  3.73747E-15  -7.85003  -15.5898  -23.0914  -30.1844  -36.6199  -42.02  -45.8274  -47.2855  -45.5082  -39.6991  -29.5336  -15.6062  0.278725  15.2391  25.994  29.9148  25.994  15.2391  0.278725  -15.6062  -29.5336  -39.6991  -45.5082  -47.2855  -45.8274  -42.02  -36.6198  -30.1844  -23.0913  -15.5898  -7.85  0 ;
  0  8.32694  16.5376  24.4973  32.028  38.8706  44.6347  48.7463  50.4295  48.7785  42.9822  32.7135  18.5851  2.44227  -12.7728  -23.7146  -27.704  -23.7146  -12.7728  2.44227  18.5851  32.7135  42.9822  48.7785  50.4295  48.7463  44.6347  38.8706  32.028  24.4973  16.5376  8.32697  4.20675E-15  -8.32697  -16.5376  -24.4973  -32.028  -38.8706  -44.6347  -48.7463  -50.4295  -48.7785  -42.9822  -32.7135  -18.5851  -2.44227  12.7728  23.7146  27.704  23.7146  12.7728  -2.44227  -18.5851  -32.7135  -42.9822  -48.7785  -50.4295  -48.7463  -44.6347  -38.8706  -32.028  -24.4973  -16.5376  -8.32694  0 ;
  0  8.72308  17.3244  25.6627  33.5517  40.7201  46.7591  51.0681  52.8356  51.114  45.0556  34.3188  19.545  2.6647  -13.2454  -24.6868  -28.8584  -24.6868  -13.2454  2.6647  19.545  34.3188  45.0556  51.114  52.8356  51.0681  46.7591  40.7201  33.5517  25.6627  17.3244  8.72311  4.23593E-15  -8.72311  -17.3244  -25.6627  -33.5517  -40.7201  -46.7591  -51.0681  -52.8356  -51.114  -45.0556  -34.3188  -19.545  -2.6647  13.2454  24.6868  28.8584  24.6868  13.2454  -2.6647  -19.545  -34.3188  -45.0556  -51.114  -52.8356  -51.0681  -46.7591  -40.7201  -33.5517  -25.6627  -17.3244  -8.72308  0 ;
  0  9.03456  17.9423  26.5759  34.7397  42.1476  48.366  52.7559  54.4504  52.4351  45.7994  34.1732  18.239  0.0635398  -17.0542  -29.3599  -33.846  -29.3599  -17.0542  0.0635398  18.239  34.1732  45.7994  52.4351  54.4504  52.7559  48.366  42.1476  34.7398  26.576  17.9423  9.0346  3.68082E-15  -9.0346  -17.9423  -26.576  -34.7398  -42.1476  -48.366  -52.7559  -54.4504  -52.4351  -45.7994  -34.1732  -18.239  -0.0635398  17.0542  29.3599  33.846  29.3599  17.0542  -0.0635398  -18.239  -34.1732  -45.7994  -52.4351  -54.4504  -52.7559  -48.366  -42.1476  -34.7397  -26.5759  -17.9423  -9.03456  0 ;
  0  9.25866  18.3864  27.2302  35.5858  43.1516  49.4674  53.8508  55.3719  52.9381  45.564  32.8435  15.5051  -4.22615  -22.7898  -36.1287  -40.9906  -36.1287  -22.7898  -4.22615  15.5051  32.8435  45.564  52.9381  55.3719  53.8508  49.4674  43.1516  35.5858  27.2303  18.3864  9.2587  3.55415E-15  -9.2587  -18.3864  -27.2303  -35.5858  -43.1516  -49.4674  -53.8508  -55.3719  -52.9381  -45.564  -32.8435  -15.5051  4.22615  22.7898  36.1287  40.9906  36.1287  22.7898  4.22615  -15.5051  -32.8435  -45.564  -52.9381  -55.3719  -53.8508  -49.4674  -43.1516  -35.5858  -27.2302  -18.3864  -9.25866  0 ;
  0  9.3937  18.6536  27.623  36.0909  43.744  50.1013  54.4457  55.7966  52.9977  45.0025  31.3749  12.8798  -8.12935  -27.8792  -42.0652  -47.2352  -42.0652  -27.8792  -8.12935  12.8798  31.3749  45.0025  52.9977  55.7966  54.4457  50.1013  43.744  36.0909  27.6231  18.6536  9.39374  2.26168E-15  -9.39374  -18.6536  -27.6231  -36.0909  -43.744  -50.1013  -54.4457  -55.7966  -52.9977  -45.0025  -31.3749  -12.8798  8.12935  27.8792  42.0652  47.2352  42.0652  27.8792  8.12935  -12.8798  -31.3749  -45.0025  -52.9977  -55.7966  -54.4457  -50.1013  -43.744  -36.0909  -27.623  -18.6536  -9.3937  0 ;
  0  9.43879  18.7428  27.7539  36.2587  43.9394  50.3071  54.6315  55.9125  52.9693  44.7318  30.752  11.809  -9.6946  -29.9031  -44.4167  -49.7058  -44.4167  -29.9031  -9.6946  11.809  30.752  44.7318  52.9693  55.9125  54.6315  50.3071  43.9394  36.2587  27.7539  18.7428  9.43883  9.33661E-16  -9.43883  -18.7428  -27.7539  -36.2587  -43.9394  -50.3071  -54.6315  -55.9125  -52.9693  -44.7318  -30.752  -11.809  9.6946  29.9031  44.4167  49.7058  44.4167  29.9031  9.6946  -11.809  -30.752  -44.7318  -52.9693  -55.9125  -54.6315  -50.3071  -43.9394  -36.2587  -27.7539  -18.7428  -9.43879  0 ;
  0  9.3937  18.6536  27.623  36.0909  43.744  50.1013  54.4457  55.7966  52.9977  45.0025  31.3749  12.8798  -8.12935  -27.8792  -42.0652  -47.2352  -42.0652  -27.8792  -8.12935  12.8798  31.3749  45.0025  52.9977  55.7966  54.4457  50.1013  43.744  36.0909  27.6231  18.6536  9.39374  1.62725E-16  -9.39374  -18.6536  -27.6231  -36.0909  -43.744  -50.1013  -54.4457  -55.7966  -52.9977  -45.0025  -31.3749  -12.8798  8.12935  27.8792  42.0652  47.2352  42.0652  27.8792  8.12935  -12.8798  -31.3749  -45.0025  -52.9977  -55.7966  -54.4457  -50.1013  -43.744  -36.0909  -27.623  -18.6536  -9.3937  0 ;
  0  9.25866  18.3864  27.2302  35.5858  43.1516  49.4674  53.8508  55.3719  52.9381  45.564  32.8435  15.5051  -4.22615  -22.7898  -36.1287  -40.9906  -36.1287  -22.7898  -4.22615  15.5051  32.8435  45.564  52.9381  55.3719  53.8508  49.4674  43.1516  35.5858  27.2303  18.3864  9.2587  -2.74295E-16  -9.2587  -18.3864  -27.2303  -35.5858  -43.1516  -49.4674  -53.8508  -55.3719  -52.9381  -45.564  -32.8435  -15.5051  4.22615  22.7898  36.1287  40.9906  36.1287  22.7898  4.22615  -15.5051  -32.8435  -45.564  -52.9381  -55.3719  -53.8508  -49.4674  -43.1516  -35.5858  -27.2302  -18.3864  -9.25866  0 ;
  0  9.03456  17.9423  26.5759  34.7397  42.1476  48.366  52.7559  54.4504  52.4351  45.7994  34.1732  18.239  0.0635398  -17.0542  -29.3599  -33.846  -29.3599  -17.0542  0.0635398  18.239  34.1732  45.7994  52.4351  54.4504  52.7559  48.366  42.1476  34.7398  26.576  17.9423  9.0346  -7.09999E-16  -9.0346  -17.9423  -26.576  -34.7398  -42.1476  -48.366  -52.7559  -54.4504  -52.4351  -45.7994  -34.1732  -18.239  -0.0635398  17.0542  29.3599  33.846  29.3599  17.0542  -0.0635398  -18.239  -34.1732  -45.7994  -52.4351  -54.4504  -52.7559  -48.366  -42.1476  -34.7397  -26.5759  -17.9423  -9.03456  0 ;
  0  8.72308  17.3244  25.6627  33.5517  40.7201  46.7591  51.0681  52.8356  51.114  45.0556  34.3188  19.545  2.6647  -13.2454  -24.6868  -28.8584  -24.6868  -13.2454  2.6647  19.545  34.3188  45.0556  51.114  52.8356  51.0681  46.7591  40.7201  33.5517  25.6627  17.3244  8.72311  -1.54108E-15  -8.72311  -17.3244  -25.6627  -33.5517  -40.7201  -46.7591  -51.0681  -52.8356  -51.114  -45.0556  -34.3188  -19.545  -2.6647  13.2454  24.6868  28.8584  24.6868  13.2454  -2.6647  -19.545  -34.3188  -45.0556  -51.114  -52.8356  -51.0681  -46.7591  -40.7201  -33.5517  -25.6627  -17.3244  -8.72308  0 ;
  0  8.32694  16.5376  24.4973  32.028  38.8706  44.6347  48.7463  50.4295  48.7785  42.9822  32.7135  18.5851  2.44227  -12.7728  -23.7146  -27.704  -23.7146  -12.7728  2.44227  18.5851  32.7135  42.9822  48.7785  50.4295  48.7463  44.6347  38.8706  32.028  24.4973  16.5376  8.32697  -2.84556E-15  -8.32697  -16.5376  -24.4973  -32.028  -38.8706  -44.6347  -48.7463  -50.4295  -48.7785  -42.9822  -32.7135  -18.5851  -2.44227  12.7728  23.7146  27.704  23.7146  12.7728  -2.44227  -18.5851  -32.7135  -42.9822  -48.7785  -50.4295  -48.7463  -44.6347  -38.8706  -32.028  -24.4973  -16.5376  -8.32694  0 ;
  0  7.85  15.5898  23.0913  30.1844  36.6198  42.02  45.8274  47.2855  45.5082  39.6991  29.5336  15.6062  -0.278725  -15.2391  -25.994  -29.9148  -25.994  -15.2391  -0.278725  15.6062  29.5336  39.6991  45.5082  47.2855  45.8274  42.02  36.6199  30.1844  23.0914  15.5898  7.85003  -4.10842E-15  -7.85003  -15.5898  -23.0914  -30.1844  -36.6199  -42.02  -45.8274  -47.2855  -45.5082  -39.6991  -29.5336  -15.6062  0.278725  15.2391  25.994  29.9148  25.994  15.2391  0.278725  -15.6062  -29.5336  -39.6991  -45.5082  -47.2855  -45.8274  -42.02  -36.6198  -30.1844  -23.0913  -15.5898  -7.85  0 ;
  0  7.29719  14.4911  21.4609  28.0452  34.0049  38.9755  42.4147  43.5834  41.6119  35.7148  25.5672  11.7471  -3.97567  -18.7665  -29.3941  -33.2677  -29.3941  -18.7665  -3.97567  11.7471  25.5672  35.7148  41.6119  43.5834  42.4147  38.9755  34.0049  28.0452  21.4609  14.4911  7.29722  -5.94738E-15  -7.29722  -14.4911  -21.4609  -28.0452  -34.0049  -38.9755  -42.4147  -43.5834  -41.6119  -35.7148  -25.5672  -11.7471  3.97567  18.7665  29.3941  33.2677  29.3941  18.7665  3.97567  -11.7471  -25.5672  -35.7148  -41.6119  -43.5834  -42.4147  -38.9755  -34.0049  -28.0452  -21.4609  -14.4911  -7.29719  0 ;
  0  6.67426  13.2532  19.6252  25.6392  31.0709  35.5748  38.635  39.5452  37.4714  31.6578  21.788  8.41247  -6.77205  -21.0425  -31.2917  -35.0267  -31.2917  -21.0425  -6.77205  8.41247  21.788  31.6578  37.4714  39.5452  38.635  35.5748  31.0709  25.6392  19.6252  13.2533  6.67429  -6.52159E-15  -6.67429  -13.2533  -19.6252  -25.6392  -31.0709  -35.5748  -38.635  -39.5452  -37.4714  -31.6578  -21.788  -8.41247  6.77205  21.0425  31.2917  35.0267  31.2917  21.0425  6.77205  -8.41247  -21.788  -31.6578  -37.4714  -39.5452  -38.635  -35.5748  -31.0709  -25.6392  -19.6252  -13.2532  -6.67426  0 ;
  0  5.98754  11.8893  17.6043  22.9959  27.8602  31.8824  34.5914  35.341  33.3676  27.9779  18.8811  6.57999  -7.37098  -20.4759  -29.8859  -33.3148  -29.8859  -20.4759  -7.37098  6.57999  18.8811  27.9779  33.3676  35.341  34.5914  31.8824  27.8602  22.9959  17.6043  11.8893  5.98757  -6.65269E-15  -5.98757  -11.8893  -17.6043  -22.9959  -27.8602  -31.8824  -34.5914  -35.341  -33.3676  -27.9779  -18.8811  -6.57999  7.37098  20.4759  29.8859  33.3148  29.8859  20.4759  7.37098  -6.57999  -18.8811  -27.9779  -33.3676  -35.341  -34.5914  -31.8824  -27.8602  -22.9959  -17.6043  -11.8893  -5.98754  0 ;
  0  5.24374  10.4125  15.4182  20.142  24.4067  27.9398  30.3341  31.0323  29.3764  24.7704  16.9654  6.39641  -5.59686  -16.8654  -24.9574  -27.9062  -24.9574  -16.8654  -5.59686  6.39641  16.9654  24.7704  29.3764  31.0323  30.3341  27.9398  24.4067  20.142  15.4182  10.4125  5.24376  -6.00593E-15  -5.24376  -10.4125  -15.4182  -20.142  -24.4067  -27.9398  -30.3341  -31.0323  -29.3764  -24.7704  -16.9654  -6.39641  5.59686  16.8654  24.9574  27.9062  24.9574  16.8654  5.59686  -6.39641  -16.9654  -24.7704  -29.3764  -31.0323  -30.3341  -27.9398  -24.4067  -20.142  -15.4182  -10.4125  -5.24374  0 ;
